Mês,Número de Vendas,Valor Total Vendido (USD),Valor Acumulado (USD)
2024-01,16,96564.00,96564.00
2024-02,20,81399.17,177963.17
2024-03,19,91317.73,269280.91
2024-04,21,95016.07,364296.98
2024-05,20,191804.45,556101.43
2024-06,20,128696.83,684798.26
2024-07,29,334592.62,1019390.88
2024-08,38,256289.74,1275680.62
2024-09,25,196397.13,1472077.75
2024-10,24,211062.12,1683139.87
2024-11,12,99149.11,1782288.98
2024-12,13,102317.25,1884606.24
